projection: "EPSG:3008",
center: [190000,6210000],
extent: [80000,6130000,300000,6280000],
resolutions : [ 132.2919, 52.91677, 26.45839, 13.229193, 5.291677, 2.645839, 1.322919, 0.529168, 0.264584, 0.1322919, 0.1058336, 0.0529168, 0.0264584 ],
zoom: 1
